0.000 0.329 0.579 0.750 0.264 0.143 0.340 0.426 0.377 0.368 0.344 1.292 0.122 0.167 0.126 0.400 0.491 0.473 1.473 1.944 
0.329 0.000 0.710 0.476 0.360 0.377 0.404 0.541 0.304 0.697 0.260 1.421 0.451 0.492 0.291 0.680 0.306 0.611 1.275 2.062 
0.579 0.710 0.000 1.182 0.359 0.436 0.307 0.170 0.924 0.650 0.468 1.831 0.556 0.530 0.699 0.362 0.552 0.107 1.984 1.372 
0.750 0.476 1.182 0.000 0.836 0.838 0.875 1.014 0.436 1.088 0.717 1.384 0.867 0.915 0.651 1.139 0.690 1.085 0.827 2.511 
0.264 0.360 0.359 0.836 0.000 0.147 0.075 0.189 0.569 0.519 0.168 1.557 0.308 0.314 0.365 0.369 0.318 0.255 1.627 1.728 
0.143 0.377 0.436 0.838 0.147 0.000 0.217 0.285 0.505 0.383 0.282 1.424 0.161 0.170 0.265 0.303 0.438 0.330 1.594 1.803 
0.340 0.404 0.307 0.875 0.075 0.217 0.000 0.139 0.635 0.575 0.170 1.632 0.377 0.378 0.439 0.391 0.297 0.211 1.678 1.667 
0.426 0.541 0.170 1.014 0.189 0.285 0.139 0.000 0.757 0.574 0.306 1.704 0.427 0.411 0.541 0.330 0.412 0.073 1.814 1.539 
0.377 0.304 0.924 0.436 0.569 0.505 0.635 0.757 0.000 0.667 0.535 1.126 0.474 0.523 0.255 0.776 0.609 0.818 1.096 2.296 
0.368 0.697 0.650 1.088 0.519 0.383 0.575 0.574 0.667 0.000 0.664 1.221 0.249 0.217 0.438 0.298 0.821 0.574 1.731 1.891 
0.344 0.260 0.468 0.717 0.168 0.282 0.170 0.306 0.535 0.664 0.000 1.604 0.429 0.449 0.399 0.537 0.157 0.378 1.531 1.803 
1.292 1.421 1.831 1.384 1.557 1.424 1.632 1.704 1.126 1.221 1.604 0.000 1.279 1.301 1.206 1.512 1.714 1.735 1.363 3.109 
0.122 0.451 0.556 0.867 0.308 0.161 0.377 0.427 0.474 0.249 0.429 1.279 0.000 0.049 0.221 0.308 0.583 0.457 1.568 1.898 
0.167 0.492 0.530 0.915 0.314 0.170 0.378 0.411 0.523 0.217 0.449 1.301 0.049 0.000 0.271 0.262 0.605 0.434 1.617 1.860 
0.126 0.291 0.699 0.651 0.365 0.265 0.439 0.541 0.255 0.438 0.399 1.206 0.221 0.271 0.000 0.521 0.526 0.593 1.351 2.068 
0.400 0.680 0.362 1.139 0.369 0.303 0.391 0.330 0.776 0.298 0.537 1.512 0.308 0.262 0.521 0.000 0.684 0.305 1.872 1.614 
0.491 0.306 0.552 0.690 0.318 0.438 0.297 0.412 0.609 0.821 0.157 1.714 0.583 0.605 0.526 0.684 0.000 0.482 1.516 1.824 
0.473 0.611 0.107 1.085 0.255 0.330 0.211 0.073 0.818 0.574 0.378 1.735 0.457 0.434 0.593 0.305 0.482 0.000 1.882 1.479 
1.473 1.275 1.984 0.827 1.627 1.594 1.678 1.814 1.096 1.731 1.531 1.363 1.568 1.617 1.351 1.872 1.516 1.882 0.000 3.333 
1.944 2.062 1.372 2.511 1.728 1.803 1.667 1.539 2.296 1.891 1.803 3.109 1.898 1.860 2.068 1.614 1.824 1.479 3.333 0.000 
